p06a =
   79.1290
p06b =
   74.5484
p06c =
    16
p06d =
     8
     9
    10
    12
    13
    15
    16
    21
    27
    28
    29
p06e =
     1
     2
     3
     4
     5
     6
     7
     8
     9
    11
    13
    14
    15
    16
    17
    18
    19
    20
    22
    23
    24
    25
    26
p06f =
    30
p06g =
    16
p06h =
     8
     9
    10
    12
    13
    15
    16
    21
    27
    28
    29
p06i =
     1
     2
     3
     4
     5
     6
     7
     8
     9
    11
    13
    14
    15
    16
    17
    18
    19
    20
    22
    23
    24
    25
    26
p06j =
    30
p07 =
           0
           1
           1
           2
           3
           5
           8
          13
          21
          34
          55
          89
         144
         233
         377
         610
         987
        1597
        2584
        4181
p09a =
     1     1     1     1
     1     2     3     4
     1     3     6    10
     1     4    10    20
p09b =
     1     1     1     1     1
     1     2     3     4     5
     1     3     6    10    15
     1     4    10    20    35
     1     5    15    35    70
p09c =
     1     1     1     1     1     1
     1     2     3     4     5     6
     1     3     6    10    15    21
     1     4    10    20    35    56
     1     5    15    35    70   126
     1     6    21    56   126   252
p09d =
     1     1     1     1     1     1     1
     1     2     3     4     5     6     7
     1     3     6    10    15    21    28
     1     4    10    20    35    56    84
     1     5    15    35    70   126   210
     1     6    21    56   126   252   462
     1     7    28    84   210   462   924
p13a =
   3.141308785462883
p13b =
   3.141593304503081
p13c =
   3.141592653595635
p17a =
         87.50
p17b =
         87.50
p18a =
   0.707106782936867
p18b =
  -0.258819047933546

Your variables are:

p06a  p06c  p06e  p06g  p06i  p07   p09b  p09d  p13b  p17a  p18a  
p06b  p06d  p06f  p06h  p06j  p09a  p09c  p13a  p13c  p17b  p18b  

