p02 =
         10.00       1053.34     126400.61
         11.00        979.04     129232.91
         12.00        917.38     132103.25
         13.00        865.46     135011.41
         14.00        821.17     137957.19
         15.00        783.00     140940.34
         16.00        749.79     143960.61
         17.00        720.68     147017.75
         18.00        694.96     150111.46
         19.00        672.11     153241.46
         20.00        651.70     156407.43
         21.00        633.37     159609.05
         22.00        616.84     162846.00
         23.00        601.88     166117.91
         24.00        588.28     169424.44
         25.00        575.88     172765.22
         26.00        564.55     176139.85
         27.00        554.16     179547.96
         28.00        544.61     182989.14
         29.00        535.81     186462.98
         30.00        527.69     189969.06
p03 =
   1.0e+03 *
    0.0032    0.0162    2.4749
    0.0052    0.0172    2.6576
    0.0074    0.0186    2.8676
    0.0103    0.0205    3.1182
    0.0140    0.0233    3.4320
    0.0194    0.0277    3.8546
p08 =
         0         0   20.0000
    0.0200    0.3697   17.0407
    0.0400    0.6840   14.4510
    0.0600    0.9499   12.1864
    0.0800    1.1734   10.2078
    0.1000    1.3599    8.4807
    0.1200    1.5141    6.9746
    0.1400    1.6402    5.6629
    0.1600    1.7418    4.5220
    0.1800    1.8221    3.5311
    0.2000    1.8839    2.6720
    0.2200    1.9298    1.9286
    0.2400    1.9618    1.2867
    0.2600    1.9819    0.7339
    0.2800    1.9918    0.2592
    0.3000    1.9928   -0.1471
    0.3200    1.9863   -0.4935
    0.3400    1.9735   -0.7875
    0.3600    1.9552   -1.0355
    0.3800    1.9324   -1.2435
    0.4000    1.9058   -1.4165
    0.4200    1.8760   -1.5590
    0.4400    1.8436   -1.6749
    0.4600    1.8092   -1.7677
    0.4800    1.7731   -1.8404
    0.5000    1.7358   -1.8957
p10 =
          2.00      12189.94
          2.50      12800.85
          3.00      13439.16
          3.50      14105.99
          4.00      14802.44
          4.50      15529.69
          5.00      16288.95
          5.50      17081.44
          6.00      17908.48
p18 =
         0   26.7947
    2.0000   29.8912
    4.0000   33.2930
    6.0000   37.0247
    8.0000   41.1126
   10.0000   45.5842
   12.0000   50.4691
   14.0000   55.7983
   16.0000   61.6046
   18.0000   67.9226
   20.0000   74.7889
   22.0000   82.2419
   24.0000   90.3221
   26.0000   99.0719
   28.0000  108.5359
   30.0000  118.7610
   32.0000  129.7961
   34.0000  141.6925
   36.0000  154.5038
   38.0000  168.2862
   40.0000  183.0980
   42.0000  199.0003
p22 =
          1.00      11138.53
          2.00      -8340.63
          3.00      -7876.13
          4.00       7876.13
          5.00      -9567.73
          6.00      -1575.23
          7.00       6600.00
          8.00       1575.23
          9.00      -2391.93

Your variables are:

p02  p03  p08  p10  p18  p22  

