p01 =
   1.0e+03 *
    0.0119    6.7100    0.0175    0.0158    0.0045    0.0024
p02 =
    0.0210
   -0.8090
   28.5000
    3.7597
   20.0855
p03 =
    2.3783
   11.1000
    3.9149
   -0.2936
    0.9924
    0.1160
p04 =
     3     7    11    15    19    23    27
p05 =
    68    60    52    44    36    28    20    12
p06 =
    6.4000
    7.2000
    8.0000
    8.8000
    9.6000
   10.4000
   11.2000
   12.0000
p07 =
     7     7     7     7     7     7     7     7     7
p08 =
     8     8     8     8     8     8     8     8
p09 =
     0     0     0     7     7     7     7
p10 =
         0         0         0         0         0         0    2.5000
p11 =
     0     1     2     3     4     5     6     7     8     7     6     5     4     3     2     1     0
p12 =
         0    5.0000   10.0000   15.0000   20.0000   25.0000   30.0000
  600.0000  500.0000  400.0000  300.0000  200.0000  100.0000         0
         0    0.8333    1.6667    2.5000    3.3333    4.1667    5.0000
p13 =
     1     0     3
     2     0     3
     3     0     3
     4     0     3
     5     0     3
p14 =
     0     0     0     0     0
     0     0     0     0     0
     0     0     0     0     8
p15 =
     0     0     0     0     0
     0     0     0     6     6
     0     0     0     6     6
p16 =
     0     0     0     0     0
     0     0     1     2     3
     0     0     4     5     6
     0     0     7     8     9
p17 =
     0     0     0     0     0
     0     0     1    10    20
     0     0     2     8    26
     0     0     3     6    32
p18 =
     1     1     1     1
     1     1     1     1
     0     0     0     0
     1     1     1     1
p19 =
     1     0     0     1     1
     0     1     0     1     1
p20 =
     0     0     1     1
     0     0     1     1
     0     0     0     0
     1     1     1     1

Your variables are:

p01  p02  p03  p04  p05  p06  p07  p08  p09  p10  p11  p12  p13  p14  p15  p16  p17  p18  p19  p20  

